# IR Spectrum
# X-Axis:  Frequency (cm-1)
# Y-Axis:  Epsilon
#                  X                   Y               DY/DX
        0.0000000000        0.0000000000        0.0000000000
        8.0000000000        0.0000000000        0.0000000000
       16.0000000000        0.0000000000        0.0000000000
       24.0000000000        0.0000000000        0.0000000000
       32.0000000000        0.0000000000        0.0000000000
       40.0000000000        0.0000000000        0.0000000000
       48.0000000000        0.0000000000        0.0000000000
       56.0000000000        0.0000000000        0.0000000000
       64.0000000000        0.0000000000        0.0000000000
       72.0000000000        0.0000000000        0.0000000000
       80.0000000000        0.0997789569        0.0013045911
       88.0000000000        0.1110952789        0.0015326483
       96.0000000000        0.1244512499        0.0018170969
      104.0000000000        0.1403680151        0.0021764952
      112.0000000000        0.1595443853        0.0026372371
      120.0000000000        0.1829347686        0.0032376985
      128.0000000000        0.2118700846        0.0040350910
      136.0000000000        0.2482510366        0.0051171862
      144.0000000000        0.6267094914        0.0108925068
      152.0000000000        0.7247754773        0.0137848916
      160.0000000000        0.8505115737        0.0179044080
      168.0000000000        1.0165386054        0.0240305386
      176.0000000000        1.2441955659        0.0336538084
      184.0000000000        1.5723028435        0.0498876455
      192.0000000000        2.0785345526        0.0800230403
      200.0000000000        2.9395913208        0.1439749607
      208.0000000000        4.6379817854        0.3094779910
      216.0000000000        8.9200578100        0.8999974876
      224.0000000000       26.0907940363        4.6653024838
      232.0000000000      141.1185507530       14.3893975444
      240.0000000000       37.1064806659       -7.3529023015
      248.0000000000       12.5736482483       -1.0576759475
      256.0000000000        8.5007118822       -0.1611330622
      264.0000000000        8.7448021893        0.2047727123
      272.0000000000       12.0474750254        0.6754519756
      280.0000000000       21.6256924486        1.9914565114
      288.0000000000       56.1605595223        8.6459775745
      296.0000000000      295.0012801249       72.4287416626
      304.0000000000      213.5881560962      -52.6741048057
      312.0000000000       46.0072380710       -6.5517808868
      320.0000000000       18.5452684789       -1.6952274203
      328.0000000000        9.9845473309       -0.6573841759
      336.0000000000        6.3010737383       -0.3169866603
      344.0000000000        4.4125194175       -0.1731298273
      352.0000000000        3.3480031377       -0.1001178389
      360.0000000000        2.7363745182       -0.0555993928
      368.0000000000        2.4349413299       -0.0199603649
      376.0000000000        2.4385370315        0.0243274620
      384.0000000000        2.9489931459        0.1188024152
      392.0000000000        4.9477853852        0.4688864991
      400.0000000000       15.4168800792        3.1482760899
      408.0000000000       55.5035248278       -6.7951752681
      416.0000000000       10.1603253648       -1.7785393113
      424.0000000000        3.5727967932       -0.3480425154
      432.0000000000        1.9127421149       -0.1203057198
      440.0000000000        1.2512961700       -0.0562246428
      448.0000000000        0.9139933643       -0.0314875761
      456.0000000000        0.7138131462       -0.0198549432
      464.0000000000        0.2869134725       -0.0100075312
      472.0000000000        0.2209404111       -0.0067664133
      480.0000000000        0.1753401288       -0.0047856079
      488.0000000000        0.1425181003       -0.0035078578
      496.0000000000        0.1181130908       -0.0026471254
      504.0000000000        0.0994764621       -0.0020463366
      512.0000000000        0.0849245761       -0.0016143608
      520.0000000000        0.0733458454       -0.0012958559
      528.0000000000        0.0639824812       -0.0010558926
      536.0000000000        0.0563035264       -0.0008716858
      544.0000000000        0.0499280203       -0.0007279419
      552.0000000000        0.0445768919       -0.0006141362
      560.0000000000        0.0400419321       -0.0005228647
      568.0000000000        0.0000000000        0.0000000000
      576.0000000000        0.0000000000        0.0000000000
      584.0000000000        0.0000000000        0.0000000000
      592.0000000000        0.0000000000        0.0000000000
      600.0000000000        0.0000000000        0.0000000000
      608.0000000000        0.0000000000        0.0000000000
      616.0000000000        0.0000000000        0.0000000000
      624.0000000000        0.0000000000        0.0000000000
      632.0000000000        0.0000000000        0.0000000000
      640.0000000000        0.0000000000        0.0000000000
      648.0000000000        0.0000000000        0.0000000000
      656.0000000000        0.0000000000        0.0000000000
      664.0000000000        0.0000000000        0.0000000000
      672.0000000000        0.0000000000        0.0000000000
      680.0000000000        0.0000000000        0.0000000000
      688.0000000000        0.0069752306        0.0000916849
      696.0000000000        0.0077708798        0.0001078073
      704.0000000000        0.0087108124        0.0001279413
      712.0000000000        0.0098321329        0.0001534158
      720.0000000000        0.0111846833        0.0001861251
      728.0000000000        0.0555524654        0.0007685813
      736.0000000000        0.0622680652        0.0009162542
      744.0000000000        0.0703241906        0.0011059803
      752.0000000000        0.0801201941        0.0013546734
      760.0000000000        0.0922249121        0.0016886187
      768.0000000000        0.1074767548        0.0021505241
      776.0000000000        0.1271649624        0.0028137105
      784.0000000000        0.1533817065        0.0038131285
      792.0000000000        0.1897694052        0.0054205268
      800.0000000000        0.2432992996        0.0082524823
      808.0000000000        0.3292033975        0.0139571202
      816.0000000000        0.4879084953        0.0281146433
      824.0000000000        0.8652087752        0.0780086170
      832.0000000000        2.3590170234        0.4111005890
      840.0000000000       10.5821296054        0.0860537529
      848.0000000000        2.7637922418       -0.3715738800
      856.0000000000        1.7508938786        0.0047368784
      864.0000000000        2.3794559044        0.1616687389
      872.0000000000        5.0834457351        0.6342754072
      880.0000000000       20.0134821581        4.5004518966
      888.0000000000       55.6190611474      -10.4406287690
      896.0000000000        9.7741305695       -1.6595786539
      904.0000000000        3.4859903867       -0.3399877568
      912.0000000000        1.8713311944       -0.1148201689
      920.0000000000        1.2611637367       -0.0488521853
      928.0000000000        0.9902429830       -0.0222763019
      936.0000000000        0.8713838968       -0.0086815635
      944.0000000000        0.8602533318        0.0003596189
      952.0000000000        0.8926217369        0.0076605822
      960.0000000000        0.9839681394        0.0153885481
      968.0000000000        1.1447713653        0.0253681391
      976.0000000000        1.4028521735        0.0402964409
      984.0000000000        1.8161261195        0.0654032894
      992.0000000000        2.5070842929        0.1127565306
     1000.0000000000        3.7619835518        0.2152862652
     1008.0000000000        6.3666693322        0.4848662355
     1016.0000000000       13.2145275922        1.4511584275
     1024.0000000000       40.9971591271        7.5346589309
     1032.0000000000      234.3556822264       29.4590325754
     1040.0000000000       63.1266384885      -13.6242675036
     1048.0000000000       17.0660544484       -2.0984759050
     1056.0000000000        7.7302991064       -0.6152315740
     1064.0000000000        4.5876295587       -0.2382083706
     1072.0000000000        3.3722790489       -0.0800836775
     1080.0000000000        3.2844512306        0.0724712287
     1088.0000000000        5.4486543401        0.6329065691
     1096.0000000000       24.3885217164        5.1492017631
     1104.0000000000       12.0062182945       -2.6248503144
     1112.0000000000        3.4826540280       -0.3598704004
     1120.0000000000        1.9211246180       -0.0999115079
     1128.0000000000        1.4244955988       -0.0353888652
     1136.0000000000        1.2696996917       -0.0052531293
     1144.0000000000        1.3471287777        0.0267615173
     1152.0000000000        1.8262562503        0.1112630203
     1160.0000000000        4.0841457228        0.6281127096
     1168.0000000000       19.0099026239        1.4289525266
     1176.0000000000        5.1322116091       -0.8830033507
     1184.0000000000        2.1690392892       -0.1273311109
     1192.0000000000        1.6909376707       -0.0168150955
     1200.0000000000        1.5932996102        0.0268723505
     1208.0000000000        1.9552421569        0.0653864285
     1216.0000000000        2.7045374930        0.1290210138
     1224.0000000000        4.2231106237        0.2725823062
     1232.0000000000        7.7722660386        0.7011427227
     1240.0000000000       19.0102895239        2.6554190343
     1248.0000000000       85.3808734885       20.7977625609
     1256.0000000000      140.2079803120      -33.6153435132
     1264.0000000000       25.6475946960       -4.1030886894
     1272.0000000000        9.4088158747       -0.9292177369
     1280.0000000000        4.9355464998       -0.3175148248
     1288.0000000000        3.5239699029       -0.0282682512
     1296.0000000000        5.5084172419        0.0563897986
     1304.0000000000        2.1830391018       -0.2079572976
     1312.0000000000        1.3075382614       -0.0590752879
     1320.0000000000        0.9722921450       -0.0301190692
     1328.0000000000        0.7830609080       -0.0185320175
     1336.0000000000        0.6518465084       -0.0119994491
     1344.0000000000        0.5958752969       -0.0075202688
     1352.0000000000        0.5489511893       -0.0043251258
     1360.0000000000        0.5255234144       -0.0015660234
     1368.0000000000        0.5402829340        0.0014103204
     1376.0000000000        0.5641601194        0.0046869922
     1384.0000000000        0.6248126702        0.0092378724
     1392.0000000000        0.7244593915        0.0162812651
     1400.0000000000        0.9003245051        0.0291210815
     1408.0000000000        1.2294449730        0.0572847183
     1416.0000000000        1.8191952453        0.1415419472
     1424.0000000000        4.1259766991        0.5680881454
     1432.0000000000       17.0271691441        1.8865126818
     1440.0000000000       13.0882618289        0.8527693891
     1448.0000000000       55.3090627617       10.9779631321
     1456.0000000000       22.4004779349       -5.0311682581
     1464.0000000000        6.0295218286       -0.6859551477
     1472.0000000000        3.2061199205       -0.1519544900
     1480.0000000000        2.8013927264        0.0423577413
     1488.0000000000        4.3008303326        0.4203434831
     1496.0000000000       15.5513886580        3.5598622174
     1504.0000000000       22.0162740679       -4.8948366739
     1512.0000000000        7.4447731614       -0.0786263056
     1520.0000000000       19.6766583017        3.8469489439
     1528.0000000000       10.5543696089       -1.8730020927
     1536.0000000000        9.1803976963        1.2331339253
     1544.0000000000        4.7280121981       -0.9255527836
     1552.0000000000        1.5654841720       -0.1493787204
     1560.0000000000        0.8619407390       -0.0512082962
     1568.0000000000        0.5751152417       -0.0250291736
     1576.0000000000        0.4218356546       -0.0146401585
     1584.0000000000        0.3273203161       -0.0095198601
     1592.0000000000        0.2636942355       -0.0066359656
     1600.0000000000        0.2099784625       -0.0047598499
     1608.0000000000        0.1768244414       -0.0036043401
     1616.0000000000        0.1114013327       -0.0023270918
     1624.0000000000        0.0949214081       -0.0018210089
     1632.0000000000        0.0818979788       -0.0014535620
     1640.0000000000        0.0714159196       -0.0011798309
     1648.0000000000        0.0628472621       -0.0009714486
     1656.0000000000        0.0557485184       -0.0008098456
     1664.0000000000        0.0292899168       -0.0004314535
     1672.0000000000        0.0261217860       -0.0003631978
     1680.0000000000        0.0234423306       -0.0003086436
     1688.0000000000        0.0068841078       -0.0000921482
     1696.0000000000        0.0062021557       -0.0000788034
     1704.0000000000        0.0000000000        0.0000000000
     1712.0000000000        0.0000000000        0.0000000000
     1720.0000000000        0.0000000000        0.0000000000
     1728.0000000000        0.0000000000        0.0000000000
     1736.0000000000        0.0000000000        0.0000000000
     1744.0000000000        0.0000000000        0.0000000000
     1752.0000000000        0.0000000000        0.0000000000
     1760.0000000000        0.0000000000        0.0000000000
     1768.0000000000        0.0000000000        0.0000000000
     1776.0000000000        0.0000000000        0.0000000000
     1784.0000000000        0.0000000000        0.0000000000
     1792.0000000000        0.0000000000        0.0000000000
     1800.0000000000        0.0000000000        0.0000000000
     1808.0000000000        0.0000000000        0.0000000000
     1816.0000000000        0.0000000000        0.0000000000
     1824.0000000000        0.0000000000        0.0000000000
     1832.0000000000        0.0000000000        0.0000000000
     1840.0000000000        0.0000000000        0.0000000000
     1848.0000000000        0.0000000000        0.0000000000
     1856.0000000000        0.0000000000        0.0000000000
     1864.0000000000        0.0000000000        0.0000000000
     1872.0000000000        0.0000000000        0.0000000000
     1880.0000000000        0.0000000000        0.0000000000
     1888.0000000000        0.0000000000        0.0000000000
     1896.0000000000        0.0000000000        0.0000000000
     1904.0000000000        0.0000000000        0.0000000000
     1912.0000000000        0.0000000000        0.0000000000
     1920.0000000000        0.0000000000        0.0000000000
     1928.0000000000        0.0000000000        0.0000000000
     1936.0000000000        0.0000000000        0.0000000000
     1944.0000000000        0.0000000000        0.0000000000
     1952.0000000000        0.0000000000        0.0000000000
     1960.0000000000        0.0000000000        0.0000000000
     1968.0000000000        0.0000000000        0.0000000000
     1976.0000000000        0.0000000000        0.0000000000
     1984.0000000000        0.0000000000        0.0000000000
     1992.0000000000        0.0000000000        0.0000000000
     2000.0000000000        0.0000000000        0.0000000000
     2008.0000000000        0.0000000000        0.0000000000
     2016.0000000000        0.0000000000        0.0000000000
     2024.0000000000        0.0000000000        0.0000000000
     2032.0000000000        0.0000000000        0.0000000000
     2040.0000000000        0.0000000000        0.0000000000
     2048.0000000000        0.0000000000        0.0000000000
     2056.0000000000        0.0000000000        0.0000000000
     2064.0000000000        0.0000000000        0.0000000000
     2072.0000000000        0.0000000000        0.0000000000
     2080.0000000000        0.0000000000        0.0000000000
     2088.0000000000        0.0000000000        0.0000000000
     2096.0000000000        0.0000000000        0.0000000000
     2104.0000000000        0.0000000000        0.0000000000
     2112.0000000000        0.0000000000        0.0000000000
     2120.0000000000        0.0000000000        0.0000000000
     2128.0000000000        0.0000000000        0.0000000000
     2136.0000000000        0.0000000000        0.0000000000
     2144.0000000000        0.0000000000        0.0000000000
     2152.0000000000        0.0000000000        0.0000000000
     2160.0000000000        0.0000000000        0.0000000000
     2168.0000000000        0.0000000000        0.0000000000
     2176.0000000000        0.0000000000        0.0000000000
     2184.0000000000        0.0000000000        0.0000000000
     2192.0000000000        0.0000000000        0.0000000000
     2200.0000000000        0.0000000000        0.0000000000
     2208.0000000000        0.0000000000        0.0000000000
     2216.0000000000        0.0000000000        0.0000000000
     2224.0000000000        0.0000000000        0.0000000000
     2232.0000000000        0.0000000000        0.0000000000
     2240.0000000000        0.0000000000        0.0000000000
     2248.0000000000        0.0000000000        0.0000000000
     2256.0000000000        0.0000000000        0.0000000000
     2264.0000000000        0.0000000000        0.0000000000
     2272.0000000000        0.0000000000        0.0000000000
     2280.0000000000        0.0000000000        0.0000000000
     2288.0000000000        0.0000000000        0.0000000000
     2296.0000000000        0.0000000000        0.0000000000
     2304.0000000000        0.0000000000        0.0000000000
     2312.0000000000        0.0000000000        0.0000000000
     2320.0000000000        0.0000000000        0.0000000000
     2328.0000000000        0.0000000000        0.0000000000
     2336.0000000000        0.0000000000        0.0000000000
     2344.0000000000        0.0000000000        0.0000000000
     2352.0000000000        0.0000000000        0.0000000000
     2360.0000000000        0.0000000000        0.0000000000
     2368.0000000000        0.0000000000        0.0000000000
     2376.0000000000        0.0000000000        0.0000000000
     2384.0000000000        0.0000000000        0.0000000000
     2392.0000000000        0.0000000000        0.0000000000
     2400.0000000000        0.0000000000        0.0000000000
     2408.0000000000        0.0000000000        0.0000000000
     2416.0000000000        0.0000000000        0.0000000000
     2424.0000000000        0.0000000000        0.0000000000
     2432.0000000000        0.0000000000        0.0000000000
     2440.0000000000        0.0000000000        0.0000000000
     2448.0000000000        0.0000000000        0.0000000000
     2456.0000000000        0.0000000000        0.0000000000
     2464.0000000000        0.0000000000        0.0000000000
     2472.0000000000        0.0000000000        0.0000000000
     2480.0000000000        0.0000000000        0.0000000000
     2488.0000000000        0.0000000000        0.0000000000
     2496.0000000000        0.0000000000        0.0000000000
     2504.0000000000        0.0000000000        0.0000000000
     2512.0000000000        0.0000000000        0.0000000000
     2520.0000000000        0.0000000000        0.0000000000
     2528.0000000000        0.0000000000        0.0000000000
     2536.0000000000        0.0000000000        0.0000000000
     2544.0000000000        0.0000000000        0.0000000000
     2552.0000000000        0.0000000000        0.0000000000
     2560.0000000000        0.0000000000        0.0000000000
     2568.0000000000        0.0000000000        0.0000000000
     2576.0000000000        0.0000000000        0.0000000000
     2584.0000000000        0.0000000000        0.0000000000
     2592.0000000000        0.0000000000        0.0000000000
     2600.0000000000        0.0000000000        0.0000000000
     2608.0000000000        0.0000000000        0.0000000000
     2616.0000000000        0.0000000000        0.0000000000
     2624.0000000000        0.0000000000        0.0000000000
     2632.0000000000        0.0000000000        0.0000000000
     2640.0000000000        0.0000000000        0.0000000000
     2648.0000000000        0.0000000000        0.0000000000
     2656.0000000000        0.0000000000        0.0000000000
     2664.0000000000        0.0000000000        0.0000000000
     2672.0000000000        0.0000000000        0.0000000000
     2680.0000000000        0.0000000000        0.0000000000
     2688.0000000000        0.0000000000        0.0000000000
     2696.0000000000        0.0000000000        0.0000000000
     2704.0000000000        0.0000000000        0.0000000000
     2712.0000000000        0.0000000000        0.0000000000
     2720.0000000000        0.0000000000        0.0000000000
     2728.0000000000        0.0000000000        0.0000000000
     2736.0000000000        0.0000000000        0.0000000000
     2744.0000000000        0.0000000000        0.0000000000
     2752.0000000000        0.0000000000        0.0000000000
     2760.0000000000        0.0000000000        0.0000000000
     2768.0000000000        0.0000000000        0.0000000000
     2776.0000000000        0.0000000000        0.0000000000
     2784.0000000000        0.0000000000        0.0000000000
     2792.0000000000        0.0000000000        0.0000000000
     2800.0000000000        0.0000000000        0.0000000000
     2808.0000000000        0.0000000000        0.0000000000
     2816.0000000000        0.0000000000        0.0000000000
     2824.0000000000        0.0000000000        0.0000000000
     2832.0000000000        0.0000000000        0.0000000000
     2840.0000000000        0.0000000000        0.0000000000
     2848.0000000000        0.0000000000        0.0000000000
     2856.0000000000        0.1929540298        0.0025155476
     2864.0000000000        0.2147692045        0.0029538814
     2872.0000000000        0.2405033079        0.0035002326
     2880.0000000000        0.2711541301        0.0041900207
     2888.0000000000        0.3080583453        0.0050735626
     2896.0000000000        0.4017135656        0.0068461566
     2904.0000000000        0.6306441842        0.0106844882
     2912.0000000000        0.7259606172        0.0132719543
     2920.0000000000        0.8454757631        0.0167953549
     2928.0000000000        0.9984262236        0.0217317070
     2936.0000000000        1.1990529888        0.0288892580
     2944.0000000000        1.4703273889        0.0397150265
     2952.0000000000        1.8514259372        0.0569813382
     2960.0000000000        2.4140299993        0.0864731848
     2968.0000000000        3.3018515995        0.1416768823
     2976.0000000000        4.8409109972        0.2591069834
     2984.0000000000        8.0136672079        0.5624170906
     2992.0000000000       15.7641384279        1.6197435848
     3000.0000000000       46.1430150351        8.0888452636
     3008.0000000000      258.8864688529       37.8885486453
     3016.0000000000       78.1941621498      -16.2530429114
     3024.0000000000       25.0737681901       -2.1456415455
     3032.0000000000       18.2092729352        0.0626351562
     3040.0000000000       26.3361369123        2.3846964725
     3048.0000000000       84.9758478764       17.7265319003
     3056.0000000000      286.0992020994       -6.0486313518
     3064.0000000000       60.0783837284      -11.3379545541
     3072.0000000000       19.5638924204       -2.0241510206
     3080.0000000000       10.2253182779       -0.6412259089
     3088.0000000000        6.9078188022       -0.2532320172
     3096.0000000000        5.6207550080       -0.0855582149
     3104.0000000000        5.4085343527        0.0310643458
     3112.0000000000        6.1955562337        0.1783831187
     3120.0000000000        8.7042856118        0.5024486073
     3128.0000000000       16.2930144067        1.6895877910
     3136.0000000000       52.6649867145       10.6739048754
     3144.0000000000      154.8788151845      -20.6819347220
     3152.0000000000      120.4339955964       19.9589784745
     3160.0000000000       94.6230120001      -22.3742503484
     3168.0000000000       21.9686432020       -2.9023398864
     3176.0000000000        9.4125418339       -0.7882079564
     3184.0000000000        5.3386407255       -0.3228582436
     3192.0000000000        3.4852572318       -0.1645331586
     3200.0000000000        2.4774774775       -0.0958234851
     3208.0000000000        1.8642360653       -0.0610486573
     3216.0000000000        1.4165679800       -0.0409403817
     3224.0000000000        1.0020259474       -0.0274753140
     3232.0000000000        0.8138828201       -0.0200778093
     3240.0000000000        0.6743347688       -0.0151222424
     3248.0000000000        0.5679345126       -0.0116763433
     3256.0000000000        0.4849321461       -0.0092051278
     3264.0000000000        0.4189230137       -0.0073863023
     3272.0000000000        0.3655569130       -0.0060176581
     3280.0000000000        0.3217939283       -0.0049678787
     3288.0000000000        0.2854571792       -0.0041491216
     3296.0000000000        0.2549542709       -0.0035010914
     3304.0000000000        0.1327734206       -0.0017902154
     3312.0000000000        0.1195320467       -0.0015292584
     3320.0000000000        0.0000000000        0.0000000000
     3328.0000000000        0.0000000000        0.0000000000
     3336.0000000000        0.0000000000        0.0000000000
     3344.0000000000        0.0000000000        0.0000000000
     3352.0000000000        0.0000000000        0.0000000000
     3360.0000000000        0.0000000000        0.0000000000
     3368.0000000000        0.0000000000        0.0000000000
     3376.0000000000        0.0000000000        0.0000000000
     3384.0000000000        0.0000000000        0.0000000000
     3392.0000000000        0.0000000000        0.0000000000
     3400.0000000000        0.0000000000        0.0000000000
     3408.0000000000        0.0000000000        0.0000000000
     3416.0000000000        0.0000000000        0.0000000000
     3424.0000000000        0.0000000000        0.0000000000
     3432.0000000000        0.0000000000        0.0000000000
     3440.0000000000        0.0000000000        0.0000000000
     3448.0000000000        0.0000000000        0.0000000000
     3456.0000000000        0.0000000000        0.0000000000
     3464.0000000000        0.0000000000        0.0000000000
     3472.0000000000        0.0000000000        0.0000000000
     3480.0000000000        0.0000000000        0.0000000000
     3488.0000000000        0.0000000000        0.0000000000
     3496.0000000000        0.0000000000        0.0000000000
     3504.0000000000        0.0000000000        0.0000000000
     3512.0000000000        0.0000000000        0.0000000000
     3520.0000000000        0.0000000000        0.0000000000
     3528.0000000000        0.0085107799        0.0001084023
     3536.0000000000        0.0094490634        0.0001268096
     3544.0000000000        0.0105514698        0.0001496305
     3552.0000000000        0.0118586206        0.0001782709
     3560.0000000000        0.0134245245        0.0002147096
     3568.0000000000        0.0153222396        0.0002617912
     3576.0000000000        0.0176525410        0.0003237009
     3584.0000000000        0.0205575591        0.0004067637
     3592.0000000000        0.0242429368        0.0005208366
     3600.0000000000        0.0290151699        0.0006818394
     3608.0000000000        0.0353472879        0.0009165864
     3616.0000000000        0.0440003755        0.0012725652
     3624.0000000000        0.0562625085        0.0018391628
     3632.0000000000        0.0744548781        0.0027978753
     3640.0000000000        0.1031091216        0.0045546632
     3648.0000000000        0.1520599398        0.0081416772
     3656.0000000000        0.2460250601        0.0166947478
     3664.0000000000        0.4622608791        0.0426343276
     3672.0000000000        1.1463733805        0.1619345211
     3680.0000000000        5.2155822357        1.2764414691
     3688.0000000000        8.2283094648       -1.9887455933
     3696.0000000000        1.5112323060       -0.2413346491
     3704.0000000000        0.5517932111       -0.0554051558
     3712.0000000000        0.2798599295       -0.0202278571
     3720.0000000000        0.1682215798       -0.0094676706
     3728.0000000000        0.1120291718       -0.0051565391
     3736.0000000000        0.0798828348       -0.0031086967
     3744.0000000000        0.0598057408       -0.0020153333
     3752.0000000000        0.0464389386       -0.0013796800
     3760.0000000000        0.0370962741       -0.0009853843
     3768.0000000000        0.0303117578       -0.0007280138
     3776.0000000000        0.0252305483       -0.0005529646
     3784.0000000000        0.0213270229       -0.0004298010
     3792.0000000000        0.0182636301       -0.0003406462
     3800.0000000000        0.0158155860       -0.0002745310
     3808.0000000000        0.0138285259       -0.0002244710
     3816.0000000000        0.0121936066       -0.0001858754
     3824.0000000000        0.0108323028       -0.0001556422
     3832.0000000000        0.0096868119       -0.0001316244
     3840.0000000000        0.0087138234       -0.0001123038
     3848.0000000000        0.0000000000        0.0000000000
     3856.0000000000        0.0000000000        0.0000000000
     3864.0000000000        0.0000000000        0.0000000000
     3872.0000000000        0.0000000000        0.0000000000
     3880.0000000000        0.0000000000        0.0000000000
     3888.0000000000        0.0000000000        0.0000000000
     3896.0000000000        0.0000000000        0.0000000000
     3904.0000000000        0.0000000000        0.0000000000
     3912.0000000000        0.0000000000        0.0000000000
     3920.0000000000        0.0000000000        0.0000000000
     3928.0000000000        0.0000000000        0.0000000000
     3936.0000000000        0.0000000000        0.0000000000
     3944.0000000000        0.0000000000        0.0000000000
     3952.0000000000        0.0000000000        0.0000000000
     3960.0000000000        0.0000000000        0.0000000000
     3968.0000000000        0.0000000000        0.0000000000
     3976.0000000000        0.0000000000        0.0000000000
     3984.0000000000        0.0000000000        0.0000000000
     3992.0000000000        0.0000000000        0.0000000000
